0.586650
0.230959
0.714431
0.148774
0.427530
0.160259
0.036139
0.268865
0.693530
0.822696
0.290341
0.115062
0.111479
0.403148
0.440866
0.152859
0.298367
0.573457
0.116674
0.781350
0.912058
0.588497
0.603575
0.402959
0.930491
0.195000
0.165895
0.061492
0.561336
0.188546
0.133372
0.545542
0.333515
0.500925
0.012438
0.896515
0.434820
0.348426
0.105093
0.871376
0.508901
0.440866
0.767045
0.842127
0.112512
0.936373
0.971860
0.775406
0.366556
0.205639
0.385594
0.629296
0.473973
0.946358
0.261384
0.693530
0.065146
0.759619
0.959514
0.385594
0.472374
0.154140
0.385594
0.999251
0.573457
0.059327
0.522038
0.311705
0.920674
0.948466
0.863381
0.476150
0.974475
0.231866
0.782188
0.868151
0.196797
0.203500
0.714431
0.189889
0.856767
0.189154
0.062531
0.849536
0.241062
0.646944
0.394314
0.662440
0.320325
0.840375
0.800476
0.783093
0.800476
0.500925
0.349341
0.537398
0.211477
0.562401
0.930491
0.112512
0.269257
0.292800
0.658740
0.648743
0.714463
0.348426
0.658740
0.115074
0.646944
0.439343
0.877003
0.348426
0.783093
0.588497
0.826630
0.410528
0.545542
0.738319
0.662440
0.312691
0.159208
0.630700
0.246246
0.714463
0.533652
0.919821
0.194333
0.849536
0.689874
0.265003
0.022317
0.856767
0.720878
0.831892
0.468366
0.714431
0.388011
0.958137
0.868151
0.920674
0.468366
0.684021
0.213256
0.404809
0.522038
0.851190
0.701638
0.518560
0.206001
0.508901
0.093417
0.204299
0.842127
0.518560
0.690036
0.871376
0.678367
0.228915
0.483013
0.348426
0.076350
0.936373
0.439343
0.871579
0.343822
0.148488
0.583262
0.806956
0.629675
0.421068
0.781350
0.458172
0.048915
0.180844
0.195021
0.989165
0.761135
0.102298
0.781350
0.031311
0.102105
0.999251
0.006465
0.461860
0.296811
0.642639
0.044791
0.989165
0.690036
0.169169
0.155544
0.831892
0.745603
0.959514
0.229364
0.521670
0.989165
0.029562
0.999251
0.250990