0.425087
0.838200
0.148830
0.071987
0.591387
0.113301
0.715595
0.754847
0.537699
0.789338
0.370964
0.452298
0.502038
0.047518
0.957611
0.552322
0.984997
0.288439
0.600517
0.942500
0.937266
0.057106
0.569353
0.118622
0.229749
0.980488
0.772556
0.230509
0.414527
0.685741
0.712958
0.619951
0.443368
0.186667
0.882961
0.063777
0.539742
0.238829
0.872635
0.652337
0.740793
0.643839
0.689923
0.069870
0.692940
0.924816
0.579158
0.948107
0.002025
0.394900
0.795647
0.696749
0.181638
0.071008
0.467681
0.965060
0.243586
0.518534
0.982999
0.623020
0.254563
0.841850
0.548561
0.983608
0.211373
0.285201
0.086318
0.744735
0.106852
0.227757
0.090508
0.646894
0.775374
0.874612
0.961646
0.243109
0.189791
0.569840
0.303050
0.405250
0.330781
0.129527
0.841773
0.034327
0.370605
0.032142
0.658536
0.584328
0.461617
0.586222
0.772562
0.725315
0.853935
0.692997
0.434690
0.935900
0.880141
0.050244
0.652241
0.939710
0.917795
0.778418
0.736596
0.810660
0.613991
0.504658
0.490503
0.172890
0.832607
0.844641
0.539965
0.126411
0.676108
0.219407
0.956339
0.341676
0.597098
0.581312
0.103137
0.477160
0.339474
0.813450
0.484612
0.730109
0.230246
0.353543
0.561975
0.447504
0.194482
0.816791
0.290324
0.983580
0.925054
0.076678
0.029532
0.276237
0.161967
0.291436
0.082133
0.247333
0.625043
0.835817
0.328203
0.821425
0.174174
0.287932
0.054424
0.796533
0.896098
0.103428
0.168983
0.378536
0.362559
0.981028
0.367973
0.963154
0.688298
0.130327
0.180100
0.269762
0.534770
0.910933
0.038471
0.282093
0.063491
0.311288
0.828163
0.200410
0.751478
0.913197
0.533041
0.017554
0.191326
0.971082
0.064562
0.903091
0.148962
0.846027
0.930407
0.549120
0.591028
0.218372
0.588223
0.833547
0.058610
0.609277
0.892564
0.167124
0.212931
0.396260
0.577882
0.269511
0.408632
0.010769
0.898176
0.522761
0.700601
0.015458
0.309308
0.123793