0.724080
0.440379
0.152161
0.277731
0.014856
0.336844
0.796525
0.893542
0.245757
0.680350
0.033063
0.516101
0.609445
0.566854
0.183307
0.415117
0.333648
0.293614
0.244227
0.573380
0.364654
0.687663
0.102406
0.504415
0.830671
0.467835
0.634355
0.058385
0.360268
0.820834
0.874983
0.244839
0.019336
0.762558
0.297650
0.082682
0.000187
0.417781
0.352636
0.004366
0.675435
0.652594
0.606063
0.741479
0.179718
0.900588
0.933618
0.887277
0.949922
0.785822
0.345783
0.822115
0.728969
0.119262
0.120815
0.505195
0.612820
0.966841
0.511817
0.139284
0.662303
0.850663
0.004378
0.152848
0.171434
0.053580
0.165325
0.513375
0.525441
0.079336
0.853386
0.128391
0.714506
0.754919
0.741795
0.484941
0.481827
0.263235
0.236959
0.207440
0.352998
0.081799
0.440764
0.089066
0.484551
0.365020
0.543302
0.606815
0.547562
0.141885
0.199465
0.787248
0.137782
0.090956
0.547949
0.233369
0.392082
0.476771
0.818255
0.393957
0.028815
0.329406
0.798186
0.827932
0.323084
0.152848
0.416258
0.497013
0.275450
0.510648
0.477160
0.167995
0.282978
0.535932
0.322734
0.384981
0.433076
0.017589
0.309222
0.069525
0.926079
0.069137
0.190355
0.233667
0.393207
0.786678
0.042936
0.363922
0.979641
0.287608
0.432309
0.900244
0.295965
0.088910
0.404879
0.491949
0.111522
0.215318
0.476771
0.186158
0.592836
0.211076
0.188249
0.966548
0.246063
0.781509
0.903141
0.795135
0.517269
0.121598
0.195146
0.048996
0.600030
0.674025
0.166778
0.695246
0.987485
0.734459
0.699689
0.428859
0.183823
0.782952
0.822370
0.045283
0.689047
0.191944
0.731560
0.612820
0.010154
0.557996
0.202468
0.516879
0.625861
0.673673
0.136716
0.211639
0.853386
0.784102
0.633619
0.169464
0.953956
0.672260
0.359538
0.339695
0.444231
0.111706
0.458917
0.223949
0.234861
0.484162
0.174918
0.482995
0.561466
0.975320
0.676491
0.023437
0.663018
0.552590
0.073492
0.420449