0.525141
0.000000
0.391865
0.149460
0.000000
0.000000
0.000000
0.000000
0.000000
0.000000
0.000000
0.000000
0.000000
0.853357
0.000000
0.000000
0.000000
0.723833
0.000000
0.376169
0.000000
0.000000
0.000000
0.000000
0.000000
0.779146
0.000000
0.000000
0.000000
0.000000
0.000000
0.000000
0.294206
0.000000
0.000000
0.000000
0.000000
0.690326
0.000000
0.262558
0.000000
0.000000
0.000000
0.000000
0.474887
0.000000
0.000000
0.774482
0.000000
0.000000
0.058009
0.000000
0.000000
0.000000
0.000000
0.000000
0.000000
0.000000
0.000000
0.000000
0.000000
0.000000
0.430016
0.616463
0.683022
0.000000
0.000000
0.000000
0.000000
0.173052
0.000000
0.000000
0.752530
0.000000
0.390355
0.000000
0.000000
0.000000
0.000000
0.000000
0.000000
0.000000
0.075829
0.000000
0.000000
0.000000
0.000000
0.000000
0.000000
0.000000
0.000000
0.000000
0.642852
0.456679
0.000000
0.882130
0.000000
0.752158
0.000000
0.000000
0.000000
0.000000
0.000000
0.000000
0.000000
0.000000
0.000000
0.000000
0.000000
0.000000
0.816118
0.000000
0.000000
0.000000
0.764424
0.000000
0.000000
0.591771
0.561031
0.000000
0.000000
0.000000
0.773908
0.000000
0.988436
0.223407
0.000000
0.894814
0.000000
0.000000
0.124400
0.317129
0.000000
0.000000
0.000000
0.512337
0.000000
0.000000
0.000000
0.000000
0.000000
0.000000
0.000000
0.000000
0.725250
0.760261
0.000000
0.000000
0.881530
0.000000
0.000000
0.582844
0.000000
0.000000
0.000000
0.706554
0.000000
0.000000
0.740807
0.000000
0.623709
0.000000
0.892625
0.000000
0.000000
0.000000
0.274441
0.000000
0.000000
0.000000
0.853095
0.060386
0.968616
0.000000
0.000000
0.000000
0.000000
0.000000
0.103557
0.000000
0.000000
0.000000
0.000000
0.655507
0.000000
0.000000
0.046077
0.000000
0.341350
0.000000
0.628752
0.730700
0.573131
0.825972
0.000000
0.210188
0.000000
0.075950
0.000000
0.000000