0.227041
0.254324
0.698653
0.263395
0.525769
0.199389
0.962832
0.271124
0.218875
0.835301
0.685432
0.232604
0.610741
0.725369
0.007736
0.672306
0.458077
0.905836
0.080240
0.741562
0.741562
0.458077
0.112289
0.261868
0.225665
0.511833
0.105179
0.248399
0.336714
0.105179
0.824122
0.424076
0.698653
0.685432
0.698653
0.514143
0.077794
0.511833
0.241128
0.738855
0.688069
0.054237
0.347643
0.051601
0.090657
0.852131
0.405617
0.852131
0.093425
0.752423
0.434539
0.646355
0.920051
0.108294
0.105179
0.144581
0.891651
0.948554
0.271124
0.194414
0.329552
0.466811
0.738855
0.793570
0.852131
0.537528
0.535166
0.347643
0.022407
0.005349
0.937143
0.148570
0.620828
0.101386
0.838101
0.405617
0.301898
0.415812
0.193184
0.234009
0.303580
0.077192
0.364455
0.194414
0.366354
0.701309
0.199389
0.994280
0.205738
0.255821
0.318995
0.199389
0.595749
0.436650
0.225665
0.303580
0.120629
0.573581
0.623361
0.374011
0.239693
0.636092
0.338520
0.701309
0.549419
0.241128
0.934292
0.058400
0.782536
0.469008
0.415812
0.295234
0.165366
0.807421
0.347643
0.170898
0.796335
0.403596
0.674923
0.129445
0.991420
0.698653
0.766067
0.129445
0.646355
0.965689
0.065928
0.415812
0.241128
0.547030
0.559023
0.218875
0.920051
0.087291
0.063847
0.646355
0.549419
0.109084
0.426157
0.962832
0.105179
0.263395
0.285423
0.077192
0.796335
0.012347
0.015233
0.685432
0.096979
0.793570
0.711967
0.598236
0.469008
0.080861
0.685432
0.672306
0.356921
0.094127
0.458077
0.084026
0.355053
0.535166
0.318995
0.838101
0.738855
0.920051
0.176567
0.480082
0.426157
0.807421
0.489043
0.500369
0.295234
0.571142
0.269566
0.491297
0.447291
0.255821
0.537528
0.455908
0.525769
0.779784
0.345806
0.908677
0.608231
0.187122
0.165366
0.725369
0.849321
0.701309
0.458077
0.922897
0.741562
0.608231
0.113102
0.329552
0.026987
0.782536
0.466811
0.948554