0.589229
0.337427
0.594479
0.324402
0.941172
0.685308
0.677765
0.667377
0.984252
0.390061
0.934142
0.704834
0.294528
0.456773
0.476754
0.735294
0.435999
0.140428
0.039261
0.801515
0.328748
0.137323
0.876567
0.874794
0.897532
0.416977
0.354641
0.583946
0.325112
0.979033
0.758926
0.087669
0.804934
0.255897
0.189960
0.016690
0.425086
0.516520
0.109641
0.060747
0.664162
0.106130
0.343822
0.261104
0.003105
0.645733
0.610556
0.850011
0.136224
0.650060
0.968563
0.843560
0.826651
0.565921
0.894025
0.395415
0.055501
0.798525
0.265871
0.089622
0.329257
0.369994
0.156622
0.592377
0.739976
0.068560
0.594261
0.756118
0.431065
0.782734
0.670283
0.879108
0.495514
0.475106
0.742118
0.186875
0.958699
0.534448
0.669242
0.983053
0.424531
0.145230
0.123681
0.384009
0.479794
0.057665
0.185908
0.002800
0.066736
0.810646
0.248530
0.028366
0.385108
0.088264
0.706251
0.413908
0.215800
0.518836
0.201349
0.487017
0.975259
0.415755
0.140650
0.878968
0.154541
0.918292
0.768380
0.279129
0.358698
0.615314
0.147132
0.713437
0.466717
0.861286
0.736185
0.972373
0.451706
0.384438
0.697359
0.014634
0.180587
0.595555
0.147194
0.759183
0.967231
0.734477
0.702230
0.656428
0.717237
0.342189
0.217556
0.680834
0.167626
0.623065
0.880688
0.482953
0.992850
0.365280
0.640073
0.466641
0.179538
0.406769
0.007522
0.480300
0.267312
0.353317
0.697877
0.813281
0.394699
0.886369
0.700722
0.902272
0.127289
0.371517
0.650331
0.880049
0.406694
0.742277
0.035603
0.492614
0.770298
0.773580
0.255086
0.865120
0.193929
0.013123
0.847222
0.506510
0.739403
0.112796
0.778892
0.397146
0.856113
0.636363
0.421858
0.821033
0.403814
0.209854
0.429553
0.769707
0.870231
0.873313
0.098239
0.153350
0.973825
0.647242
0.594729
0.303913
0.498338
0.366684