0.893340
0.535145
0.153560
0.500909
0.384860
0.944011
0.133554
0.664589
0.460102
0.823851
0.474205
0.677935
0.100621
0.505897
0.003864
0.395994
0.026644
0.013666
0.753562
0.374099
0.737005
0.296529
0.300618
0.022056
0.018016
0.775681
0.202776
0.464856
0.106631
0.290759
0.872562
0.667368
0.730672
0.084139
0.223563
0.281906
0.255207
0.667102
0.990940
0.074139
0.977481
0.205975
0.241964
0.093775
0.846474
0.176302
0.839897
0.281392
0.563526
0.929300
0.634476
0.076583
0.768896
0.660323
0.452806
0.568139
0.862505
0.114874
0.894314
0.836932
0.381376
0.843335
0.829090
0.032567
0.805269
0.156568
0.078178
0.591455
0.070008
0.273851
0.368358
0.655279
0.050494
0.774276
0.977484
0.034291
0.065145
0.305654
0.071775
0.928266
0.544452
0.499211
0.582715
0.569255
0.604788
0.559850
0.231504
0.275081
0.031723
0.878482
0.170679
0.957701
0.452352
0.690938
0.766545
0.932832
0.295663
0.473941
0.009940
0.582991
0.056037
0.334096
0.014195
0.415408
0.196625
0.429031
0.564082
0.426154
0.724456
0.898662
0.422313
0.533840
0.121354
0.258502
0.056288
0.195109
0.297322
0.175048
0.275636
0.315099
0.086594
0.673393
0.481174
0.955543
0.490697
0.395772
0.236848
0.852786
0.367565
0.571021
0.509825
0.779792
0.353615
0.725702
0.070428
0.498449
0.109301
0.603480
0.272740
0.297672
0.818467
0.062721
0.079947
0.578951
0.919410
0.722126
0.622547
0.785687
0.857669
0.175370
0.539659
0.159609
0.958619
0.420753
0.551004
0.059670
0.645591
0.678240
0.459481
0.603700
0.374477
0.852014
0.568622
0.735795
0.856334
0.356977
0.673644
0.156335
0.064076
0.965374
0.381135
0.275838
0.284019
0.804152
0.161012
0.366222
0.936466
0.613174
0.106511
0.197852
0.330630
0.896197
0.106766
0.020748
0.036840
0.721267
0.584684
0.750508
0.541747
0.420464
0.213051
0.153296
0.908239
0.687824
0.089906
0.320419
0.957879
0.630306
0.518785
0.917617