0.728249
0.787408
0.170153
0.460422
0.647122
0.131467
0.244963
0.066945
0.553101
0.801180
0.423209
0.934900
0.009101
0.775884
0.072009
0.029099
0.139396
0.221409
0.792096
0.579862
0.595599
0.676485
0.471112
0.340106
0.857027
0.860531
0.971945
0.437337
0.401202
0.511772
0.275165
0.039220
0.678650
0.059406
0.650017
0.939239
0.549928
0.375379
0.609444
0.809891
0.436111
0.722955
0.909878
0.368712
0.758632
0.475628
0.426308
0.339769
0.785019
0.077488
0.754616
0.524621
0.536289
0.505038
0.177114
0.301183
0.297040
0.973043
0.103890
0.408237
0.265113
0.795469
0.165365
0.470855
0.059693
0.008532
0.208092
0.543838
0.972528
0.128365
0.217122
0.439658
0.591128
0.710256
0.835463
0.224600
0.331881
0.281279
0.092709
0.181269
0.735436
0.388072
0.540962
0.239910
0.181686
0.019674
0.316013
0.328039
0.300921
0.138987
0.058774
0.822994
0.506749
0.514563
0.565561
0.995402
0.976437
0.952420
0.769100
0.111933
0.013412
0.649785
0.785611
0.471445
0.907151
0.569659
0.428572
0.336147
0.426090
0.966588
0.322264
0.731597
0.487552
0.019119
0.999871
0.269213
0.316350
0.114644
0.065562
0.551782
0.972224
0.450648
0.258138
0.855078
0.138062
0.831573
0.759899
0.869427
0.428336
0.578467
0.610780
0.668286
0.160193
0.113338
0.242514
0.331380
0.669523
0.162795
0.625090
0.495716
0.872953
0.858925
0.193049
0.559748
0.254004
0.053189
0.765571
0.533152
0.983804
0.409332
0.885338
0.055572
0.540547
0.325346
0.769888
0.918226
0.717412
0.484812
0.645541
0.784940
0.532321
0.432801
0.487484
0.092811
0.972510
0.216624
0.793816
0.474918
0.571696
0.576027
0.465521
0.647845
0.785762
0.316928
0.673404
0.026868
0.913959
0.497119
0.504320
0.192484
0.832417
0.783565
0.303905
0.393911
0.450181
0.445489
0.641158
0.702972
0.719842
0.717766
0.714856
0.816556
0.050045
0.498671
0.201928
0.708793
0.780847
0.199168
0.392260
0.975450