0.111085
0.000000
0.960287
0.230092
0.000000
0.000000
0.000000
0.000000
0.000000
0.000000
0.000000
0.000000
0.000000
0.445566
0.000000
0.000000
0.000000
0.541794
0.000000
0.444255
0.000000
0.000000
0.000000
0.000000
0.000000
0.967348
0.000000
0.000000
0.000000
0.000000
0.000000
0.000000
0.219664
0.000000
0.000000
0.000000
0.000000
0.483358
0.000000
0.599202
0.000000
0.000000
0.000000
0.000000
0.324094
0.000000
0.000000
0.689554
0.000000
0.000000
0.973001
0.000000
0.000000
0.000000
0.000000
0.000000
0.000000
0.000000
0.000000
0.000000
0.000000
0.000000
0.669982
0.458843
0.833035
0.000000
0.000000
0.000000
0.000000
0.745898
0.000000
0.000000
0.422702
0.000000
0.593168
0.000000
0.000000
0.000000
0.000000
0.000000
0.000000
0.000000
0.432254
0.000000
0.000000
0.000000
0.000000
0.000000
0.000000
0.000000
0.000000
0.000000
0.122414
0.219841
0.000000
0.170241
0.000000
0.570062
0.000000
0.000000
0.000000
0.000000
0.000000
0.000000
0.000000
0.000000
0.000000
0.000000
0.000000
0.000000
0.628808
0.000000
0.000000
0.000000
0.198876
0.000000
0.000000
0.983803
0.578482
0.000000
0.000000
0.000000
0.103974
0.000000
0.812540
0.885185
0.000000
0.390632
0.000000
0.000000
0.624370
0.482527
0.000000
0.000000
0.000000
0.271983
0.000000
0.000000
0.000000
0.000000
0.000000
0.000000
0.000000
0.000000
0.579271
0.815358
0.000000
0.000000
0.683660
0.000000
0.000000
0.844897
0.000000
0.000000
0.000000
0.602002
0.000000
0.000000
0.327395
0.000000
0.737821
0.000000
0.418584
0.000000
0.000000
0.000000
0.959136
0.000000
0.000000
0.000000
0.403463
0.456847
0.839020
0.000000
0.000000
0.000000
0.000000
0.000000
0.376814
0.000000
0.000000
0.000000
0.000000
0.838044
0.000000
0.000000
0.010838
0.000000
0.143312
0.000000
0.216481
0.183623
0.287158
0.424142
0.000000
0.336743
0.000000
0.021425
0.000000
0.000000