0.332206
0.068371
0.855666
0.434684
0.307826
0.166378
0.612334
0.462038
0.010720
0.927192
0.546839
0.655428
0.069692
0.558266
0.992921
0.141355
0.058274
0.736159
0.156199
0.066030
0.393408
0.653249
0.032127
0.762161
0.114388
0.782667
0.618156
0.053949
0.527794
0.143291
0.707471
0.876062
0.741309
0.965749
0.748149
0.016023
0.404849
0.615905
0.286265
0.818978
0.125634
0.170716
0.011679
0.589017
0.511043
0.494091
0.449482
0.039558
0.271037
0.519226
0.392661
0.034932
0.025173
0.068559
0.324860
0.054678
0.366987
0.046668
0.818715
0.140821
0.687838
0.621898
0.255617
0.046393
0.456429
0.234583
0.412023
0.206942
0.054209
0.410699
0.473088
0.653431
0.134208
0.302240
0.310892
0.203937
0.933197
0.117269
0.829909
0.547615
0.654339
0.028702
0.366257
0.646501
0.422842
0.035553
0.590925
0.789180
0.215835
0.764150
0.494286
0.013007
0.037128
0.777968
0.232815
0.517473
0.785865
0.213590
0.274241
0.367901
0.287251
0.253454
0.221507
0.213590
0.589589
0.856233
0.351765
0.242485
0.458556
0.398836
0.875241
0.611958
0.752396
0.991739
0.870448
0.592259
0.178732
0.003834
0.693231
0.746408
0.402027
0.233845
0.185959
0.641365
0.279084
0.000242
0.184934
0.577533
0.916086
0.191401
0.701159
0.215975
0.551492
0.800338
0.841988
0.806127
0.384288
0.010141
0.648695
0.628422
0.123967
0.441783
0.116614
0.663734
0.769008
0.254998
0.776043
0.170959
0.778559
0.408432
0.567146
0.667859
0.307996
0.691148
0.123188
0.266108
0.554203
0.424938
0.683811
0.863465
0.931016
0.303758
0.989972
0.270398
0.070969
0.606111
0.084979
0.087292
0.137329
0.956803
0.214851
0.779296
0.952209
0.110836
0.017281
0.169745
0.754584
0.581368
0.348893
0.801587
0.021482
0.671430
0.833542
0.858148
0.176116
0.507535
0.730958
0.074507
0.292870
0.948795
0.204890
0.034932
0.550523
0.389492
0.099745
0.581176
0.056803
0.844383
0.281034
0.693057