0.892665
0.671201
0.469049
0.588828
0.619698
0.300987
0.751130
0.174562
0.395915
0.314677
0.198485
0.904758
0.619360
0.239405
0.016784
0.168920
0.214129
0.316894
0.579108
0.452486
0.367782
0.457854
0.770073
0.431250
0.373846
0.030832
0.493096
0.202127
0.773637
0.484600
0.345284
0.630091
0.513872
0.219619
0.759945
0.682820
0.481835
0.919153
0.163046
0.998883
0.532711
0.816262
0.072588
0.241511
0.791236
0.380703
0.758706
0.267193
0.439658
0.276844
0.945702
0.558740
0.279601
0.018889
0.312912
0.287768
0.535159
0.470129
0.645871
0.633822
0.237476
0.401980
0.763011
0.380932
0.027945
0.254344
0.888555
0.020368
0.480377
0.434405
0.832779
0.365775
0.303565
0.630939
0.351233
0.926889
0.195928
0.212423
0.646040
0.305371
0.139232
0.609662
0.609944
0.684847
0.480481
0.073875
0.024317
0.430808
0.395728
0.108319
0.947518
0.621335
0.052527
0.753246
0.250213
0.469460
0.598134
0.431693
0.277357
0.007826
0.066624
0.607410
0.732918
0.300909
0.149967
0.022571
0.133984
0.500705
0.346056
0.909955
0.842442
0.076326
0.032678
0.166853
0.206902
0.889824
0.386808
0.475136
0.459227
0.571148
0.455014
0.668773
0.265414
0.316328
0.748793
0.024287
0.800729
0.124110
0.058151
0.213858
0.781460
0.006400
0.149364
0.422933
0.197442
0.038255
0.910067
0.542143
0.771724
0.884377
0.206552
0.283122
0.962874
0.608086
0.563218
0.251368
0.292088
0.053747
0.078431
0.064979
0.849850
0.284951
0.093619
0.268193
0.488577
0.768633
0.111276
0.752812
0.038818
0.713031
0.607692
0.386301
0.539684
0.349934
0.510554
0.089000
0.577993
0.921671
0.176195
0.307975
0.420649
0.042568
0.987915
0.594319
0.872315
0.550971
0.613776
0.536684
0.801241
0.030940
0.844283
0.489522
0.620263
0.022028
0.416827
0.957555
0.939233
0.989088
0.707062
0.181249
0.531570
0.690192
0.250382
0.016173
0.806137
0.026088
0.998534
0.212423
0.091632
0.902107