0.049432
0.069308
0.481978
0.832936
0.875836
0.364804
0.656094
0.617075
0.725166
0.004141
0.656094
0.587151
0.121893
0.781516
0.175268
0.829889
0.653274
0.321106
0.120954
0.745772
0.061875
0.769546
0.728098
0.550069
0.684559
0.956387
0.147277
0.176515
0.826845
0.319205
0.860466
0.984417
0.950165
0.745772
0.565820
0.008765
0.529410
0.140844
0.544868
0.390134
0.133614
0.174028
0.869682
0.227420
0.760604
0.279239
0.039533
0.006869
0.405391
0.820764
0.589844
0.763581
0.390134
0.100875
0.636458
0.496702
0.193333
0.519231
0.080118
0.814694
0.539690
0.597955
0.095322
0.704757
0.625351
0.250788
0.242819
0.416505
0.342509
0.579108
0.576439
0.150576
0.400996
0.625351
0.306101
0.181570
0.082161
0.035251
0.474706
0.736918
0.072978
0.047651
0.897432
0.360684
0.968841
0.049886
0.519231
0.275782
0.031064
0.291568
0.531971
0.916004
0.573775
0.611585
0.937729
0.436956
0.127649
0.987534
0.279239
0.062974
0.019292
0.201481
0.875836
0.169131
0.981301
0.469891
0.021850
0.190672
0.667423
0.338551
0.704757
0.112753
0.628120
0.328786
0.304259
0.291568
0.817728
0.922205
0.863536
0.894342
0.403190
0.224426
0.748731
0.373130
0.751694
0.628120
0.085660
0.947054
0.848207
0.061875
0.131603
0.891253
0.796552
0.184137
0.658919
1.000000
0.193333
0.108391
0.222939
0.003658
0.619828
0.000964
0.736918
0.608848
0.026504
0.230443
0.799568
0.814694
0.348501
0.857398
0.040288
0.713479
0.268957
0.056618
0.499180
0.531971
0.650459
0.012283
0.394457
0.270652
0.228928
0.439264
0.656094
0.035251
0.056618
0.255656
0.647649
0.200106
0.619828
0.174028
0.603390
0.592542
0.681691
0.242819
0.606116
0.344499
0.087093
0.704757
0.872758
0.722238
0.539690
0.731034
0.181570
0.029281
0.059726
0.321106
0.888166
0.073605
0.465104
0.252403
0.334623
0.534538
0.693189
0.432362
0.134629
0.477123
0.656094
0.835985
0.455611
0.460344