0.659111
0.951254
0.999230
0.087109
0.909845
0.217920
0.484173
0.342757
0.479397
0.499440
0.557657
0.614732
0.733394
0.158449
0.031653
0.547525
0.633393
0.121414
0.748130
0.072323
0.386383
0.114575
0.179105
0.655589
0.088605
0.511667
0.817574
0.009183
0.673048
0.184786
0.506689
0.141900
0.383707
0.018510
0.869175
0.877572
0.392719
0.526637
0.489760
0.717472
0.873142
0.040258
0.204270
0.004724
0.790388
0.505612
0.817364
0.525179
0.785556
0.781593
0.038112
0.375135
0.128991
0.583533
0.405637
0.257671
0.332967
0.421468
0.770943
0.254071
0.649929
0.981735
0.980083
0.291696
0.196183
0.075088
0.367532
0.187160
0.107918
0.445869
0.509544
0.519312
0.091022
0.900892
0.936249
0.658612
0.908225
0.994441
0.777753
0.727933
0.864740
0.531865
0.352550
0.917808
0.696072
0.280836
0.290154
0.061653
0.457198
0.674702
0.099909
0.769529
0.087931
0.946653
0.962603
0.090533
0.811175
0.909808
0.967017
0.935464
0.442177
0.514641
0.467523
0.944115
0.581784
0.770325
0.834850
0.545238
0.334442
0.303416
0.645044
0.370495
0.516405
0.029142
0.016914
0.447524
0.141929
0.534526
0.117240
0.018116
0.003160
0.269397
0.698816
0.267936
0.784667
0.444172
0.064354
0.584459
0.730980
0.198381
0.132465
0.423237
0.676065
0.230619
0.016802
0.241247
0.827312
0.832054
0.181896
0.429551
0.230256
0.442841
0.611739
0.996475
0.099627
0.232391
0.909907
0.465038
0.466152
0.291597
0.854645
0.748931
0.724026
0.374839
0.555893
0.524805
0.233336
0.394153
0.329486
0.700719
0.871907
0.862617
0.289961
0.777866
0.230715
0.114853
0.619540
0.354193
0.484115
0.704535
0.288248
0.067030
0.521553
0.495914
0.367150
0.033083
0.703410
0.916226
0.748769
0.193249
0.004559
0.704929
0.600960
0.193828
0.032059
0.308891
0.224411
0.523286
0.544175
0.040156
0.828471
0.143825
0.614541
0.165894
0.603063
0.619131
0.470129
0.145131
0.264378
0.019036