0.805913
0.152235
0.217498
0.108020
0.310199
0.547876
0.151692
0.235412
0.901177
0.889370
0.386715
0.940012
0.103985
0.990089
0.422724
0.661836
0.689883
0.209279
0.889117
0.063987
0.090349
0.612504
0.709206
0.514593
0.998290
0.630755
0.966226
0.074757
0.789874
0.620746
0.095408
0.204002
0.134800
0.809095
0.295367
0.447644
0.148977
0.659819
0.411126
0.598651
0.197662
0.877850
0.787822
0.350289
0.917969
0.033677
0.632984
0.146830
0.351702
0.595650
0.919616
0.334052
0.656959
0.995327
0.222414
0.834133
0.910244
0.133328
0.147134
0.470746
0.436857
0.669142
0.371981
0.681978
0.391530
0.001198
0.858900
0.612435
0.236299
0.101293
0.196394
0.664107
0.655051
0.425884
0.265365
0.086014
0.091498
0.092236
0.193495
0.885839
0.479533
0.578270
0.092971
0.888821
0.474772
0.168330
0.503470
0.201865
0.180619
0.420157
0.051318
0.818129
0.176548
0.280614
0.727848
0.420290
0.661040
0.780600
0.158854
0.542918
0.014474
0.363276
0.207603
0.097812
0.394109
0.913547
0.930706
0.593007
0.844012
0.988625
0.221793
0.992630
0.755130
0.005583
0.041677
0.651063
0.633405
0.367318
0.198887
0.234981
0.684765
0.212160
0.533421
0.843055
0.154053
0.568119
0.701368
0.907204
0.128953
0.081808
0.226522
0.873636
0.518097
0.098227
0.393654
0.265800
0.337816
0.485893
0.949040
0.729696
0.758658
0.011788
0.168613
0.918947
0.587487
0.648765
0.515357
0.809425
0.469349
0.850267
0.692000
0.007853
0.784262
0.859074
0.291940
0.267586
0.279654
0.017879
0.017500
0.151253
0.280379
0.610148
0.903387
0.715705
0.402423
0.499815
0.231345
0.670712
0.888663
0.795438
0.969372
0.873315
0.058296
0.092467
0.248647
0.122950
0.681874
0.963577
0.261778
0.239562
0.244319
0.936509
0.200590
0.452796
0.016008
0.050817
0.185245
0.201542
0.510509
0.343539
0.338557
0.310883
0.325961
0.282556
0.174945
0.626526
0.547087
0.424024
0.064636
0.931539
