0.069488
0.107776
0.663470
0.996534
0.454254
0.678039
0.764070
0.714678
0.359210
0.007737
0.756794
0.753148
0.047672
0.803528
0.184520
0.230869
0.551087
0.625653
0.077950
0.995360
0.032581
0.783938
0.652595
0.753148
0.355432
0.681692
0.156895
0.301120
0.611455
0.225503
0.798219
0.585210
0.880064
0.870750
0.522956
0.004333
0.887630
0.247570
0.257247
0.689007
0.122664
0.228174
0.127617
0.285905
0.943730
0.105846
0.056282
0.005980
0.620314
0.581751
0.817543
0.503616
0.393182
0.056563
0.590417
0.606165
0.250443
0.639975
0.075037
0.379853
0.460244
0.526221
0.158225
0.935834
0.599143
0.391834
0.368138
0.508409
0.130439
0.967445
0.435147
0.102539
0.345501
0.352930
0.272310
0.311220
0.086056
0.038382
0.506808
0.652595
0.053542
0.023243
0.975578
0.378538
0.373312
0.067828
0.769511
0.284841
0.057984
0.292352
0.237256
0.609689
0.734858
0.950072
0.631010
0.631010
0.042808
0.767699
0.433700
0.081725
0.035848
0.386476
0.654404
0.262195
0.685348
0.676214
0.029578
0.202561
0.844805
0.289115
0.910512
0.057128
0.242839
0.425089
0.478525
0.514844
0.711007
0.397244
0.983391
0.936994
0.335777
0.107291
0.880064
0.306700
0.549410
0.723854
0.139818
0.614992
0.731192
0.092701
0.252373
0.915885
0.537744
0.248525
0.602649
0.566311
0.191419
0.200939
0.217639
0.003750
0.343051
0.001455
0.792883
0.848128
0.016361
0.285905
0.506808
0.923664
0.595645
0.391834
0.035659
0.972056
0.481617
0.111724
0.306700
0.494112
0.822739
0.019204
0.685348
0.341831
0.397244
0.377227
0.674391
0.049647
0.017530
0.141028
0.854708
0.244723
0.377227
0.293437
0.887630
0.645374
0.913217
0.086459
0.556137
0.142860
0.101148
0.654404
0.904994
0.776741
0.429380
0.458741
0.119982
0.038786
0.044379
0.306700
0.826182
0.063669
0.623871
0.483168
0.438051
0.867591
0.716513
0.399969
0.116828
0.420828
0.311220
0.783938
0.810563
0.486279